{
 "cells": [
  {
   "cell_type": "code",
   "execution_count": 4,
   "metadata": {},
   "outputs": [],
   "source": [
    "import pandas as pd\n",
    "DEPTH = pd.read_hdf(\"BINANCE_SWAP_BTC-USDT_DEPTH5_2022_02_28.hdf\",key=\"data\")\n",
    "TRADE = pd.read_hdf(\"BINANCE_SWAP_BTC-USDT_TRADE_2022_02_28.hdf\",key=\"data\")"
   ]
  },
  {
   "cell_type": "code",
   "execution_count": 10,
   "metadata": {},
   "outputs": [
    {
     "name": "stdout",
     "output_type": "stream",
     "text": [
      "(2521500, 22) \n",
      " (2951820, 4)\n"
     ]
    }
   ],
   "source": [
    "print(DEPTH.shape,'\\n',TRADE.shape)"
   ]
  },
  {
   "cell_type": "code",
   "execution_count": 12,
   "metadata": {},
   "outputs": [
    {
     "data": {
      "text/plain": [
       "Index(['bid1_price', 'bid1_vol', 'ask1_price', 'ask1_vol', 'bid2_price',\n",
       "       'bid2_vol', 'ask2_price', 'ask2_vol', 'bid3_price', 'bid3_vol',\n",
       "       'ask3_price', 'ask3_vol', 'bid4_price', 'bid4_vol', 'ask4_price',\n",
       "       'ask4_vol', 'bid5_price', 'bid5_vol', 'ask5_price', 'ask5_vol', 'time',\n",
       "       'local_time'],\n",
       "      dtype='object')"
      ]
     },
     "execution_count": 12,
     "metadata": {},
     "output_type": "execute_result"
    }
   ],
   "source": [
    "DEPTH.columns"
   ]
  },
  {
   "cell_type": "code",
   "execution_count": 19,
   "metadata": {
    "scrolled": true
   },
   "outputs": [
    {
     "data": {
      "text/html": [
       "<div>\n",
       "<style scoped>\n",
       "    .dataframe tbody tr th:only-of-type {\n",
       "        vertical-align: middle;\n",
       "    }\n",
       "\n",
       "    .dataframe tbody tr th {\n",
       "        vertical-align: top;\n",
       "    }\n",
       "\n",
       "    .dataframe thead th {\n",
       "        text-align: right;\n",
       "    }\n",
       "</style>\n",
       "<table border=\"1\" class=\"dataframe\">\n",
       "  <thead>\n",
       "    <tr style=\"text-align: right;\">\n",
       "      <th></th>\n",
       "      <th>bid1_price</th>\n",
       "      <th>bid1_vol</th>\n",
       "      <th>ask1_price</th>\n",
       "      <th>ask1_vol</th>\n",
       "      <th>bid2_price</th>\n",
       "      <th>bid2_vol</th>\n",
       "      <th>ask2_price</th>\n",
       "      <th>ask2_vol</th>\n",
       "      <th>bid3_price</th>\n",
       "      <th>bid3_vol</th>\n",
       "      <th>...</th>\n",
       "      <th>bid4_price</th>\n",
       "      <th>bid4_vol</th>\n",
       "      <th>ask4_price</th>\n",
       "      <th>ask4_vol</th>\n",
       "      <th>bid5_price</th>\n",
       "      <th>bid5_vol</th>\n",
       "      <th>ask5_price</th>\n",
       "      <th>ask5_vol</th>\n",
       "      <th>time</th>\n",
       "      <th>local_time</th>\n",
       "    </tr>\n",
       "  </thead>\n",
       "  <tbody>\n",
       "    <tr>\n",
       "      <th>0</th>\n",
       "      <td>37672.6</td>\n",
       "      <td>0.020</td>\n",
       "      <td>37672.7</td>\n",
       "      <td>0.126</td>\n",
       "      <td>37672.1</td>\n",
       "      <td>0.180</td>\n",
       "      <td>37674.6</td>\n",
       "      <td>0.007</td>\n",
       "      <td>37672.0</td>\n",
       "      <td>1.151</td>\n",
       "      <td>...</td>\n",
       "      <td>37670.9</td>\n",
       "      <td>0.333</td>\n",
       "      <td>37675.0</td>\n",
       "      <td>1.000</td>\n",
       "      <td>37670.7</td>\n",
       "      <td>0.014</td>\n",
       "      <td>37675.1</td>\n",
       "      <td>0.359</td>\n",
       "      <td>1646006398926</td>\n",
       "      <td>1646006398926</td>\n",
       "    </tr>\n",
       "    <tr>\n",
       "      <th>1</th>\n",
       "      <td>37672.6</td>\n",
       "      <td>0.020</td>\n",
       "      <td>37672.7</td>\n",
       "      <td>0.126</td>\n",
       "      <td>37672.1</td>\n",
       "      <td>0.082</td>\n",
       "      <td>37674.6</td>\n",
       "      <td>0.007</td>\n",
       "      <td>37672.0</td>\n",
       "      <td>1.151</td>\n",
       "      <td>...</td>\n",
       "      <td>37670.9</td>\n",
       "      <td>0.333</td>\n",
       "      <td>37675.0</td>\n",
       "      <td>1.000</td>\n",
       "      <td>37670.2</td>\n",
       "      <td>0.020</td>\n",
       "      <td>37675.1</td>\n",
       "      <td>0.359</td>\n",
       "      <td>1646006398959</td>\n",
       "      <td>1646006398959</td>\n",
       "    </tr>\n",
       "    <tr>\n",
       "      <th>2</th>\n",
       "      <td>37672.6</td>\n",
       "      <td>0.020</td>\n",
       "      <td>37672.7</td>\n",
       "      <td>0.126</td>\n",
       "      <td>37672.1</td>\n",
       "      <td>0.180</td>\n",
       "      <td>37674.6</td>\n",
       "      <td>0.279</td>\n",
       "      <td>37672.0</td>\n",
       "      <td>1.151</td>\n",
       "      <td>...</td>\n",
       "      <td>37670.9</td>\n",
       "      <td>0.333</td>\n",
       "      <td>37675.0</td>\n",
       "      <td>1.000</td>\n",
       "      <td>37670.2</td>\n",
       "      <td>0.020</td>\n",
       "      <td>37675.1</td>\n",
       "      <td>0.359</td>\n",
       "      <td>1646006398993</td>\n",
       "      <td>1646006398993</td>\n",
       "    </tr>\n",
       "    <tr>\n",
       "      <th>3</th>\n",
       "      <td>37672.6</td>\n",
       "      <td>0.020</td>\n",
       "      <td>37672.7</td>\n",
       "      <td>0.126</td>\n",
       "      <td>37672.1</td>\n",
       "      <td>0.180</td>\n",
       "      <td>37674.5</td>\n",
       "      <td>0.011</td>\n",
       "      <td>37672.0</td>\n",
       "      <td>1.151</td>\n",
       "      <td>...</td>\n",
       "      <td>37670.9</td>\n",
       "      <td>0.333</td>\n",
       "      <td>37674.9</td>\n",
       "      <td>0.067</td>\n",
       "      <td>37670.2</td>\n",
       "      <td>0.020</td>\n",
       "      <td>37675.0</td>\n",
       "      <td>1.000</td>\n",
       "      <td>1646006399029</td>\n",
       "      <td>1646006399029</td>\n",
       "    </tr>\n",
       "    <tr>\n",
       "      <th>4</th>\n",
       "      <td>37672.1</td>\n",
       "      <td>0.176</td>\n",
       "      <td>37672.2</td>\n",
       "      <td>1.418</td>\n",
       "      <td>37672.0</td>\n",
       "      <td>1.151</td>\n",
       "      <td>37672.5</td>\n",
       "      <td>0.216</td>\n",
       "      <td>37670.9</td>\n",
       "      <td>0.333</td>\n",
       "      <td>...</td>\n",
       "      <td>37670.0</td>\n",
       "      <td>0.001</td>\n",
       "      <td>37674.4</td>\n",
       "      <td>0.067</td>\n",
       "      <td>37669.4</td>\n",
       "      <td>0.014</td>\n",
       "      <td>37674.5</td>\n",
       "      <td>0.011</td>\n",
       "      <td>1646006399067</td>\n",
       "      <td>1646006399067</td>\n",
       "    </tr>\n",
       "  </tbody>\n",
       "</table>\n",
       "<p>5 rows × 22 columns</p>\n",
       "</div>"
      ],
      "text/plain": [
       "   bid1_price  bid1_vol  ask1_price  ask1_vol  bid2_price  bid2_vol  \\\n",
       "0     37672.6     0.020     37672.7     0.126     37672.1     0.180   \n",
       "1     37672.6     0.020     37672.7     0.126     37672.1     0.082   \n",
       "2     37672.6     0.020     37672.7     0.126     37672.1     0.180   \n",
       "3     37672.6     0.020     37672.7     0.126     37672.1     0.180   \n",
       "4     37672.1     0.176     37672.2     1.418     37672.0     1.151   \n",
       "\n",
       "   ask2_price  ask2_vol  bid3_price  bid3_vol  ...  bid4_price  bid4_vol  \\\n",
       "0     37674.6     0.007     37672.0     1.151  ...     37670.9     0.333   \n",
       "1     37674.6     0.007     37672.0     1.151  ...     37670.9     0.333   \n",
       "2     37674.6     0.279     37672.0     1.151  ...     37670.9     0.333   \n",
       "3     37674.5     0.011     37672.0     1.151  ...     37670.9     0.333   \n",
       "4     37672.5     0.216     37670.9     0.333  ...     37670.0     0.001   \n",
       "\n",
       "   ask4_price  ask4_vol  bid5_price  bid5_vol  ask5_price  ask5_vol  \\\n",
       "0     37675.0     1.000     37670.7     0.014     37675.1     0.359   \n",
       "1     37675.0     1.000     37670.2     0.020     37675.1     0.359   \n",
       "2     37675.0     1.000     37670.2     0.020     37675.1     0.359   \n",
       "3     37674.9     0.067     37670.2     0.020     37675.0     1.000   \n",
       "4     37674.4     0.067     37669.4     0.014     37674.5     0.011   \n",
       "\n",
       "            time     local_time  \n",
       "0  1646006398926  1646006398926  \n",
       "1  1646006398959  1646006398959  \n",
       "2  1646006398993  1646006398993  \n",
       "3  1646006399029  1646006399029  \n",
       "4  1646006399067  1646006399067  \n",
       "\n",
       "[5 rows x 22 columns]"
      ]
     },
     "execution_count": 19,
     "metadata": {},
     "output_type": "execute_result"
    }
   ],
   "source": [
    "DEPTH.head(5)"
   ]
  },
  {
   "cell_type": "code",
   "execution_count": 17,
   "metadata": {},
   "outputs": [
    {
     "data": {
      "text/html": [
       "<div>\n",
       "<style scoped>\n",
       "    .dataframe tbody tr th:only-of-type {\n",
       "        vertical-align: middle;\n",
       "    }\n",
       "\n",
       "    .dataframe tbody tr th {\n",
       "        vertical-align: top;\n",
       "    }\n",
       "\n",
       "    .dataframe thead th {\n",
       "        text-align: right;\n",
       "    }\n",
       "</style>\n",
       "<table border=\"1\" class=\"dataframe\">\n",
       "  <thead>\n",
       "    <tr style=\"text-align: right;\">\n",
       "      <th></th>\n",
       "      <th>price</th>\n",
       "      <th>vol</th>\n",
       "      <th>time</th>\n",
       "      <th>local_time</th>\n",
       "    </tr>\n",
       "  </thead>\n",
       "  <tbody>\n",
       "    <tr>\n",
       "      <th>0</th>\n",
       "      <td>37672.1</td>\n",
       "      <td>0.040</td>\n",
       "      <td>1646006399296</td>\n",
       "      <td>1646006399296</td>\n",
       "    </tr>\n",
       "    <tr>\n",
       "      <th>1</th>\n",
       "      <td>37672.0</td>\n",
       "      <td>-0.154</td>\n",
       "      <td>1646006399522</td>\n",
       "      <td>1646006399522</td>\n",
       "    </tr>\n",
       "    <tr>\n",
       "      <th>2</th>\n",
       "      <td>37672.0</td>\n",
       "      <td>-0.197</td>\n",
       "      <td>1646006399673</td>\n",
       "      <td>1646006399673</td>\n",
       "    </tr>\n",
       "    <tr>\n",
       "      <th>3</th>\n",
       "      <td>37672.0</td>\n",
       "      <td>-1.425</td>\n",
       "      <td>1646006399826</td>\n",
       "      <td>1646006399826</td>\n",
       "    </tr>\n",
       "    <tr>\n",
       "      <th>4</th>\n",
       "      <td>37672.0</td>\n",
       "      <td>-0.017</td>\n",
       "      <td>1646006399982</td>\n",
       "      <td>1646006399982</td>\n",
       "    </tr>\n",
       "  </tbody>\n",
       "</table>\n",
       "</div>"
      ],
      "text/plain": [
       "     price    vol           time     local_time\n",
       "0  37672.1  0.040  1646006399296  1646006399296\n",
       "1  37672.0 -0.154  1646006399522  1646006399522\n",
       "2  37672.0 -0.197  1646006399673  1646006399673\n",
       "3  37672.0 -1.425  1646006399826  1646006399826\n",
       "4  37672.0 -0.017  1646006399982  1646006399982"
      ]
     },
     "execution_count": 17,
     "metadata": {},
     "output_type": "execute_result"
    }
   ],
   "source": [
    "TRADE.head(5)"
   ]
  },
  {
   "cell_type": "code",
   "execution_count": 13,
   "metadata": {},
   "outputs": [
    {
     "data": {
      "text/plain": [
       "Index(['price', 'vol', 'time', 'local_time'], dtype='object')"
      ]
     },
     "execution_count": 13,
     "metadata": {},
     "output_type": "execute_result"
    }
   ],
   "source": [
    "TRADE.columns"
   ]
  },
  {
   "cell_type": "code",
   "execution_count": null,
   "metadata": {},
   "outputs": [],
   "source": []
  },
  {
   "cell_type": "code",
   "execution_count": 2,
   "metadata": {},
   "outputs": [
    {
     "name": "stdout",
     "output_type": "stream",
     "text": [
      "[0.5 0.5 0. ]\n",
      "[0.375 0.5   0.125]\n",
      "[0.3125 0.5    0.1875]\n",
      "[0.28125 0.5     0.21875]\n",
      "[0.265625 0.5      0.234375]\n",
      "[0.2578125 0.5       0.2421875]\n",
      "[0.25390625 0.5        0.24609375]\n",
      "[0.25195312 0.5        0.24804688]\n",
      "[0.25097656 0.5        0.24902344]\n",
      "[0.25048828 0.5        0.24951172]\n",
      "[0.25024414 0.5        0.24975586]\n",
      "[0.25012207 0.5        0.24987793]\n",
      "[0.25006104 0.5        0.24993896]\n",
      "[0.25003052 0.5        0.24996948]\n",
      "[0.25001526 0.5        0.24998474]\n",
      "[0.25000763 0.5        0.24999237]\n",
      "[0.25000381 0.5        0.24999619]\n",
      "[0.25000191 0.5        0.24999809]\n",
      "[0.25000095 0.5        0.24999905]\n",
      "[0.25000048 0.5        0.24999952]\n",
      "[0.25000024 0.5        0.24999976]\n",
      "[0.25000012 0.5        0.24999988]\n",
      "[0.25000006 0.5        0.24999994]\n",
      "[0.25000003 0.5        0.24999997]\n",
      "[0.25000001 0.5        0.24999999]\n",
      "[0.25000001 0.5        0.24999999]\n",
      "[0.25 0.5  0.25]\n",
      "[0.25 0.5  0.25]\n",
      "[0.25 0.5  0.25]\n",
      "[0.25 0.5  0.25]\n",
      "[0.25 0.5  0.25]\n",
      "[0.25 0.5  0.25]\n",
      "[0.25 0.5  0.25]\n",
      "[0.25 0.5  0.25]\n",
      "[0.25 0.5  0.25]\n",
      "[0.25 0.5  0.25]\n",
      "[0.25 0.5  0.25]\n",
      "[0.25 0.5  0.25]\n",
      "[0.25 0.5  0.25]\n",
      "[0.25 0.5  0.25]\n",
      "[0.25 0.5  0.25]\n",
      "[0.25 0.5  0.25]\n",
      "[0.25 0.5  0.25]\n",
      "[0.25 0.5  0.25]\n",
      "[0.25 0.5  0.25]\n",
      "[0.25 0.5  0.25]\n",
      "[0.25 0.5  0.25]\n",
      "[0.25 0.5  0.25]\n",
      "[0.25 0.5  0.25]\n",
      "[0.25 0.5  0.25]\n",
      "[0.25 0.5  0.25]\n",
      "[0.25 0.5  0.25]\n",
      "[0.25 0.5  0.25]\n",
      "[0.25 0.5  0.25]\n",
      "[0.25 0.5  0.25]\n",
      "[0.25 0.5  0.25]\n",
      "[0.25 0.5  0.25]\n",
      "[0.25 0.5  0.25]\n",
      "[0.25 0.5  0.25]\n",
      "[0.25 0.5  0.25]\n",
      "[0.25 0.5  0.25]\n",
      "[0.25 0.5  0.25]\n",
      "[0.25 0.5  0.25]\n",
      "[0.25 0.5  0.25]\n",
      "[0.25 0.5  0.25]\n",
      "[0.25 0.5  0.25]\n",
      "[0.25 0.5  0.25]\n",
      "[0.25 0.5  0.25]\n",
      "[0.25 0.5  0.25]\n",
      "[0.25 0.5  0.25]\n",
      "[0.25 0.5  0.25]\n",
      "[0.25 0.5  0.25]\n",
      "[0.25 0.5  0.25]\n",
      "[0.25 0.5  0.25]\n",
      "[0.25 0.5  0.25]\n",
      "[0.25 0.5  0.25]\n",
      "[0.25 0.5  0.25]\n",
      "[0.25 0.5  0.25]\n",
      "[0.25 0.5  0.25]\n",
      "[0.25 0.5  0.25]\n",
      "[0.25 0.5  0.25]\n",
      "[0.25 0.5  0.25]\n",
      "[0.25 0.5  0.25]\n",
      "[0.25 0.5  0.25]\n",
      "[0.25 0.5  0.25]\n",
      "[0.25 0.5  0.25]\n",
      "[0.25 0.5  0.25]\n",
      "[0.25 0.5  0.25]\n",
      "[0.25 0.5  0.25]\n",
      "[0.25 0.5  0.25]\n",
      "[0.25 0.5  0.25]\n",
      "[0.25 0.5  0.25]\n",
      "[0.25 0.5  0.25]\n",
      "[0.25 0.5  0.25]\n",
      "[0.25 0.5  0.25]\n",
      "[0.25 0.5  0.25]\n",
      "[0.25 0.5  0.25]\n",
      "[0.25 0.5  0.25]\n",
      "[0.25 0.5  0.25]\n",
      "[0.25 0.5  0.25]\n"
     ]
    }
   ],
   "source": [
    "import numpy as np\n",
    "P = np.array([[1/2,1/2,0],[1/4,1/2,1/4],[0,1/2,1/2]])#转移概率矩阵\n",
    "a_0 = [1,0,0]# 初始状态\n",
    "for i in range(100):\n",
    "    a_0 = np.dot(a_0,P)\n",
    "    print(a_0)"
   ]
  },
  {
   "cell_type": "code",
   "execution_count": 5,
   "metadata": {},
   "outputs": [
    {
     "name": "stdout",
     "output_type": "stream",
     "text": [
      "[0.21875    0.21875    0.125      0.02083333 0.29166667 0.125     ]\n",
      "[0.26822917 0.26822917 0.13541667 0.03645833 0.15625    0.13541667]\n",
      "[0.31184896 0.31184896 0.10677083 0.01953125 0.14322917 0.10677083]\n",
      "[0.34749349 0.34749349 0.08919271 0.01790365 0.10872396 0.08919271]\n",
      "[0.37658691 0.37658691 0.07177734 0.01359049 0.08968099 0.07177734]\n",
      "[0.40013631 0.40013631 0.05830892 0.01121012 0.07189941 0.05830892]\n",
      "[0.41920726 0.41920726 0.04712931 0.00898743 0.05833944 0.04712931]\n",
      "[0.4346358  0.4346358  0.03814952 0.00729243 0.04713694 0.03814952]\n",
      "[0.44711924 0.44711924 0.03085899 0.00589212 0.03815142 0.03085899]\n",
      "[0.45721845 0.45721845 0.02496735 0.00476893 0.03085947 0.02496735]\n",
      "[0.465389   0.465389   0.02019854 0.00385743 0.02496747 0.02019854]\n",
      "[0.47199911 0.47199911 0.01634114 0.00312093 0.02019857 0.01634114]\n",
      "[0.4773468  0.4773468  0.01322021 0.00252482 0.01634115 0.01322021]\n",
      "[0.48167318 0.48167318 0.01069539 0.00204264 0.01322022 0.01069539]\n",
      "[0.48517329 0.48517329 0.00865275 0.00165253 0.01069539 0.00865275]\n",
      "[0.48800494 0.48800494 0.00700022 0.00133692 0.00865275 0.00700022]\n",
      "[0.49029579 0.49029579 0.0056633  0.00108159 0.00700022 0.0056633 ]\n",
      "[0.49214913 0.49214913 0.00458171 0.00087503 0.0056633  0.00458171]\n",
      "[0.49364851 0.49364851 0.00370668 0.00070791 0.00458171 0.00370668]\n",
      "[0.49486154 0.49486154 0.00299877 0.00057271 0.00370668 0.00299877]\n",
      "[4.95842898e-01 4.95842898e-01 2.42605209e-03 4.63334719e-04\n",
      " 2.99876531e-03 2.42605209e-03]\n",
      "[4.96636834e-01 4.96636834e-01 1.96271737e-03 3.74845664e-04\n",
      " 2.42605209e-03 1.96271737e-03]\n",
      "[4.97279141e-01 4.97279141e-01 1.58787171e-03 3.03256512e-04\n",
      " 1.96271737e-03 1.58787171e-03]\n",
      "[4.97798779e-01 4.97798779e-01 1.28461520e-03 2.45339672e-04\n",
      " 1.58787171e-03 1.28461520e-03]\n",
      "[4.98219175e-01 4.98219175e-01 1.03927553e-03 1.98483964e-04\n",
      " 1.28461520e-03 1.03927553e-03]\n",
      "[4.98559282e-01 4.98559282e-01 8.40791563e-04 1.60576900e-04\n",
      " 1.03927553e-03 8.40791563e-04]\n",
      "[4.98834435e-01 4.98834435e-01 6.80214663e-04 1.29909441e-04\n",
      " 8.40791563e-04 6.80214663e-04]\n",
      "[4.99057038e-01 4.99057038e-01 5.50305222e-04 1.05098945e-04\n",
      " 6.80214663e-04 5.50305222e-04]\n",
      "[4.99237128e-01 4.99237128e-01 4.45206277e-04 8.50268329e-05\n",
      " 5.50305222e-04 4.45206277e-04]\n",
      "[4.99382823e-01 4.99382823e-01 3.60179444e-04 6.87881528e-05\n",
      " 4.45206277e-04 3.60179444e-04]\n",
      "[4.99500694e-01 4.99500694e-01 2.91391291e-04 5.56507846e-05\n",
      " 3.60179444e-04 2.91391291e-04]\n",
      "[4.99596053e-01 4.99596053e-01 2.35740507e-04 4.50224305e-05\n",
      " 2.91391291e-04 2.35740507e-04]\n",
      "[4.99673200e-01 4.99673200e-01 1.90718076e-04 3.64239114e-05\n",
      " 2.35740507e-04 1.90718076e-04]\n",
      "[4.99735613e-01 4.99735613e-01 1.54294165e-04 2.94675633e-05\n",
      " 1.90718076e-04 1.54294165e-04]\n",
      "[4.99786106e-01 4.99786106e-01 1.24826601e-04 2.38397595e-05\n",
      " 1.54294165e-04 1.24826601e-04]\n",
      "[4.99826956e-01 4.99826956e-01 1.00986842e-04 1.92867706e-05\n",
      " 1.24826601e-04 1.00986842e-04]\n",
      "[4.99860005e-01 4.99860005e-01 8.17000713e-05 1.56033252e-05\n",
      " 1.00986842e-04 8.17000713e-05]\n",
      "[4.99886742e-01 4.99886742e-01 6.60967461e-05 1.26233552e-05\n",
      " 8.17000713e-05 6.60967461e-05]\n",
      "[4.99908372e-01 4.99908372e-01 5.34733909e-05 1.02125089e-05\n",
      " 6.60967461e-05 5.34733909e-05]\n",
      "[4.99925871e-01 4.99925871e-01 4.32608820e-05 8.26209327e-06\n",
      " 5.34733909e-05 4.32608820e-05]\n",
      "[4.99940029e-01 4.99940029e-01 3.49987887e-05 6.68417386e-06\n",
      " 4.32608820e-05 3.49987887e-05]\n",
      "[4.99951482e-01 4.99951482e-01 2.83146149e-05 5.40761025e-06\n",
      " 3.49987887e-05 2.83146149e-05]\n",
      "[4.99960748e-01 4.99960748e-01 2.29070046e-05 4.37484859e-06\n",
      " 2.83146149e-05 2.29070046e-05]\n",
      "[4.99968245e-01 4.99968245e-01 1.85321560e-05 3.53932686e-06\n",
      " 2.29070046e-05 1.85321560e-05]\n",
      "[4.99974309e-01 4.99974309e-01 1.49928292e-05 2.86337558e-06\n",
      " 1.85321560e-05 1.49928292e-05]\n",
      "[4.99979216e-01 4.99979216e-01 1.21294536e-05 2.31651950e-06\n",
      " 1.49928292e-05 1.21294536e-05]\n",
      "[4.99983185e-01 4.99983185e-01 9.81293408e-06 1.87410364e-06\n",
      " 1.21294536e-05 9.81293408e-06]\n",
      "[4.99986397e-01 4.99986397e-01 7.93883044e-06 1.51618170e-06\n",
      " 9.81293408e-06 7.93883044e-06]\n",
      "[4.99988995e-01 4.99988995e-01 6.42264874e-06 1.22661676e-06\n",
      " 7.93883044e-06 6.42264874e-06]\n",
      "[4.99991096e-01 4.99991096e-01 5.19603198e-06 9.92353805e-07\n",
      " 6.42264874e-06 5.19603198e-06]\n",
      "[4.99992797e-01 4.99992797e-01 4.20367817e-06 8.02831092e-07\n",
      " 5.19603198e-06 4.20367817e-06]\n",
      "[4.99994173e-01 4.99994173e-01 3.40084708e-06 6.49503997e-07\n",
      " 4.20367817e-06 3.40084708e-06]\n",
      "[4.99995286e-01 4.99995286e-01 2.75134308e-06 5.25459772e-07\n",
      " 3.40084708e-06 2.75134308e-06]\n",
      "[4.99996186e-01 4.99996186e-01 2.22588331e-06 4.25105885e-07\n",
      " 2.75134308e-06 2.22588331e-06]\n",
      "[4.99996914e-01 4.99996914e-01 1.80077743e-06 3.43917886e-07\n",
      " 2.22588331e-06 1.80077743e-06]\n",
      "[4.99997504e-01 4.99997504e-01 1.45685954e-06 2.78235414e-07\n",
      " 1.80077743e-06 1.45685954e-06]\n",
      "[4.99997980e-01 4.99997980e-01 1.17862413e-06 2.25097178e-07\n",
      " 1.45685954e-06 1.17862413e-06]\n",
      "[4.99998366e-01 4.99998366e-01 9.53526949e-07 1.82107443e-07\n",
      " 1.17862413e-06 9.53526949e-07]\n",
      "[4.99998678e-01 4.99998678e-01 7.71419507e-07 1.47328016e-07\n",
      " 9.53526949e-07 7.71419507e-07]\n",
      "[4.99998931e-01 4.99998931e-01 6.24091491e-07 1.19190869e-07\n",
      " 7.71419507e-07 6.24091491e-07]\n",
      "[4.99999135e-01 4.99999135e-01 5.04900622e-07 9.64274383e-08\n",
      " 6.24091491e-07 5.04900622e-07]\n",
      "[4.99999300e-01 4.99999300e-01 4.08473184e-07 7.80114363e-08\n",
      " 5.04900622e-07 4.08473184e-07]\n",
      "[4.99999434e-01 4.99999434e-01 3.30461747e-07 6.31125777e-08\n",
      " 4.08473184e-07 3.30461747e-07]\n",
      "[4.99999542e-01 4.99999542e-01 2.67349170e-07 5.10591480e-08\n",
      " 3.30461747e-07 2.67349170e-07]\n",
      "[4.99999629e-01 4.99999629e-01 2.16290022e-07 4.13077184e-08\n",
      " 2.67349170e-07 2.16290022e-07]\n",
      "[4.99999700e-01 4.99999700e-01 1.74982303e-07 3.34186462e-08\n",
      " 2.16290022e-07 1.74982303e-07]\n",
      "[4.99999757e-01 4.99999757e-01 1.41563657e-07 2.70362527e-08\n",
      " 1.74982303e-07 1.41563657e-07]\n",
      "[4.99999804e-01 4.99999804e-01 1.14527404e-07 2.18727879e-08\n",
      " 1.41563657e-07 1.14527404e-07]\n",
      "[4.99999841e-01 4.99999841e-01 9.26546164e-08 1.76954571e-08\n",
      " 1.14527404e-07 9.26546164e-08]\n",
      "[4.99999872e-01 4.99999872e-01 7.49591593e-08 1.43159255e-08\n",
      " 9.26546164e-08 7.49591593e-08]\n",
      "[4.99999896e-01 4.99999896e-01 6.06432337e-08 1.15818270e-08\n",
      " 7.49591593e-08 6.06432337e-08]\n",
      "[4.99999916e-01 4.99999916e-01 4.90614067e-08 9.36989491e-09\n",
      " 6.06432337e-08 4.90614067e-08]\n",
      "[4.99999932e-01 4.99999932e-01 3.96915118e-08 7.58040422e-09\n",
      " 4.90614067e-08 3.96915118e-08]\n",
      "[4.99999945e-01 4.99999945e-01 3.21111076e-08 6.13267584e-09\n",
      " 3.96915118e-08 3.21111076e-08]\n",
      "[4.99999955e-01 4.99999955e-01 2.59784317e-08 4.96143897e-09\n",
      " 3.21111076e-08 2.59784317e-08]\n",
      "[4.99999964e-01 4.99999964e-01 2.10169928e-08 4.01388845e-09\n",
      " 2.59784317e-08 2.10169928e-08]\n",
      "[4.99999971e-01 4.99999971e-01 1.70031043e-08 3.24730397e-09\n",
      " 2.10169928e-08 1.70031043e-08]\n",
      "[4.99999976e-01 4.99999976e-01 1.37558003e-08 2.62712409e-09\n",
      " 1.70031043e-08 1.37558003e-08]\n",
      "[4.99999981e-01 4.99999981e-01 1.11286762e-08 2.12538804e-09\n",
      " 1.37558003e-08 1.11286762e-08]\n",
      "[4.99999985e-01 4.99999985e-01 9.00328821e-09 1.71947504e-09\n",
      " 1.11286762e-08 9.00328821e-09]\n",
      "[4.99999988e-01 4.99999988e-01 7.28381317e-09 1.39108453e-09\n",
      " 9.00328821e-09 7.28381317e-09]\n",
      "[4.99999990e-01 4.99999990e-01 5.89272864e-09 1.12541103e-09\n",
      " 7.28381317e-09 5.89272864e-09]\n",
      "[4.99999992e-01 4.99999992e-01 4.76731761e-09 9.10476646e-10\n",
      " 5.89272864e-09 4.76731761e-09]\n",
      "[4.99999993e-01 4.99999993e-01 3.85684096e-09 7.36591079e-10\n",
      " 4.76731761e-09 3.85684096e-09]\n",
      "[4.99999995e-01 4.99999995e-01 3.12024988e-09 5.95914701e-10\n",
      " 3.85684096e-09 3.12024988e-09]\n",
      "[4.99999996e-01 4.99999996e-01 2.52433518e-09 4.82105120e-10\n",
      " 3.12024988e-09 2.52433518e-09]\n",
      "[4.99999997e-01 4.99999997e-01 2.04223006e-09 3.90031236e-10\n",
      " 2.52433518e-09 2.04223006e-09]\n",
      "[4.99999997e-01 4.99999997e-01 1.65219883e-09 3.15541898e-10\n",
      " 2.04223006e-09 1.65219883e-09]\n",
      "[4.99999998e-01 4.99999998e-01 1.33665693e-09 2.55278758e-10\n",
      " 1.65219883e-09 1.33665693e-09]\n",
      "[4.99999998e-01 4.99999998e-01 1.08137817e-09 2.06524853e-10\n",
      " 1.33665693e-09 1.08137817e-09]\n",
      "[4.99999999e-01 4.99999999e-01 8.74853318e-10 1.67082116e-10\n",
      " 1.08137817e-09 8.74853318e-10]\n",
      "[4.99999999e-01 4.99999999e-01 7.07771202e-10 1.35172271e-10\n",
      " 8.74853318e-10 7.07771202e-10]\n",
      "[4.99999999e-01 4.99999999e-01 5.72598930e-10 1.09356665e-10\n",
      " 7.07771202e-10 5.72598930e-10]\n",
      "[4.99999999e-01 4.99999999e-01 4.63242266e-10 8.84714002e-11\n",
      " 5.72598930e-10 4.63242266e-10]\n",
      "[4.99999999e-01 4.99999999e-01 3.74770865e-10 7.15748663e-11\n",
      " 4.63242266e-10 3.74770865e-10]\n",
      "[4.99999999e-01 4.99999999e-01 3.03195999e-10 5.79052832e-11\n",
      " 3.74770865e-10 3.03195999e-10]\n",
      "[5.00000000e-01 5.00000000e-01 2.45290716e-10 4.68463582e-11\n",
      " 3.03195999e-10 2.45290716e-10]\n",
      "[5.00000000e-01 5.00000000e-01 1.98444358e-10 3.78994999e-11\n",
      " 2.45290716e-10 1.98444358e-10]\n",
      "[5.00000000e-01 5.00000000e-01 1.60544858e-10 3.06613395e-11\n",
      " 1.98444358e-10 1.60544858e-10]\n",
      "[5.00000000e-01 5.00000000e-01 1.29883518e-10 2.48055447e-11\n",
      " 1.60544858e-10 1.29883518e-10]\n"
     ]
    }
   ],
   "source": [
    "import numpy as np\n",
    "P = np.array([[1,0,0,0,0,0],\n",
    "              [0,1,0,0,0,0],\n",
    "              [1/4,0,1/2,0,1/4,0],\n",
    "              [0,0,0,0,1,0],\n",
    "              [1/16,1/16,1/4,1/8,1/4,1/4],\n",
    "              [0,1/4,0,0,1/4,1/2]])\n",
    "a_0 = [1/6,1/6,1/6,1/6,1/6,1/6] # 初始状态\n",
    "for i in range(100):\n",
    "    a_0 = np.dot(a_0,P)\n",
    "    print(a_0)"
   ]
  },
  {
   "cell_type": "code",
   "execution_count": null,
   "metadata": {},
   "outputs": [],
   "source": []
  }
 ],
 "metadata": {
  "kernelspec": {
   "display_name": "Python 3",
   "language": "python",
   "name": "python3"
  },
  "language_info": {
   "codemirror_mode": {
    "name": "ipython",
    "version": 3
   },
   "file_extension": ".py",
   "mimetype": "text/x-python",
   "name": "python",
   "nbconvert_exporter": "python",
   "pygments_lexer": "ipython3",
   "version": "3.8.5"
  }
 },
 "nbformat": 4,
 "nbformat_minor": 4
}
